Sistema de Informações Hidrológicas
Versão Web 3.0
© 2018 Agência Nacional de Águas (ANA)

NivelConsistencia: 1 = Bruto, 2 = Consistido
TipoCurva: 1 = Equação, 2 = Tabela
TipoEquacao: 1 = Potência (Q(H) = a(H - h0)^n), 2 = Linear (Q(H) = a0 + a1H), 3 = Parabólica (Q(H) = a0 + a1H + a2H^2), 4 = Cúbica (Q(H) = a0 + a1H + a2H^2 + a3H^3)

Restrições da consulta:
Código da Estação:66120000


EstacaoCodigo;NivelConsistencia;PeriodoValidadeInicio;PeriodoValidadeFim;CotaMaxima;CotaMinima;TipoCurva;NumeroCurva;TipoEquacao;CoefA;CoefH0;CoefN;CoefA0;CoefA1;CoefA2;CoefA3;TabelaPassoCota
66120000;2;24824;38717;604;114;2;01/01;;;;;;;;;10;90,4;;90,4;;97,3;;90,4;;97,3;;104;;90,4;;97,3;;104;;112;;90,4;;97,3;;104;;112;;119;;90,4;;97,3;;104;;112;;119;;127;;90,4;;97,3;;104;;112;;119;;127;;135;;90,4;;97,3;;104;;112;;119;;127;;135;;143;;90,4;;97,3;;104;;112;;119;;127;;135;;143;;152;;90,4;;97,3;;104;;112;;119;;127;;135;;143;;152;;160;;90,4;;97,3;;104;;112;;119;;127;;135;;143;;152;;160;;169;;90,4;;97,3;;104;;112;;119;;127;;135;;143;;152;;160;;169;;178;;90,4;;97,3;;104;;112;;119;;127;;135;;143;;152;;160;;169;;178;;187;;90,4;;97,3;;104;;112;;119;;127;;135;;143;;152;;160;;169;;178;;187;;196;;90,4;;97,3;;104;;112;;119;;127;;135;;143;;152;;160;;169;;178;;187;;196;;205;;90,4;;97,3;;104;;112;;119;;127;;135;;143;;152;;160;;169;;178;;187;;196;;205;;215;;90,4;;97,3;;104;;112;;119;;127;;135;;143;;152;;160;;169;;178;;187;;196;;205;;215;;225;;90,4;;97,3;;104;;112;;119;;127;;135;;143;;152;;160;;169;;178;;187;;196;;205;;215;;225;;235;;90,4;;97,3;;104;;112;;119;;127;;135;;143;;152;;160;;169;;178;;187;;196;;205;;215;;225;;235;;245;;90,4;;97,3;;104;;112;;119;;127;;135;;143;;152;;160;;169;;178;;187;;196;;205;;215;;225;;235;;245;;255;;90,4;;97,3;;104;;112;;119;;127;;135;;143;;152;;160;;169;;178;;187;;196;;205;;215;;225;;235;;245;;255;;266;;90,4;;97,3;;104;;112;;119;;127;;135;;143;;152;;160;;169;;178;;187;;196;;205;;215;;225;;235;;245;;255;;266;;277;;90,4;;97,3;;104;;112;;119;;127;;135;;143;;152;;160;;169;;178;;187;;196;;205;;215;;225;;235;;245;;255;;266;;277;;287;;90,4;;97,3;;104;;112;;119;;127;;135;;143;;152;;160;;169;;178;;187;;196;;205;;215;;225;;235;;245;;255;;266;;277;;287;;298;;90,4;;97,3;;104;;112;;119;;127;;135;;143;;152;;160;;169;;178;;187;;196;;205;;215;;225;;235;;245;;255;;266;;277;;287;;298;;308;;90,4;;97,3;;104;;112;;119;;127;;135;;143;;152;;160;;169;;178;;187;;196;;205;;215;;225;;235;;245;;255;;266;;277;;287;;298;;308;;318;;90,4;;97,3;;104;;112;;119;;127;;135;;143;;152;;160;;169;;178;;187;;196;;205;;215;;225;;235;;245;;255;;266;;277;;287;;298;;308;;318;;329;;90,4;;97,3;;104;;112;;119;;127;;135;;143;;152;;160;;169;;178;;187;;196;;205;;215;;225;;235;;245;;255;;266;;277;;287;;298;;308;;318;;329;;340;;90,4;;97,3;;104;;112;;119;;127;;135;;143;;152;;160;;169;;178;;187;;196;;205;;215;;225;;235;;245;;255;;266;;277;;287;;298;;308;;318;;329;;340;;353;;90,4;;97,3;;104;;112;;119;;127;;135;;143;;152;;160;;169;;178;;187;;196;;205;;215;;225;;235;;245;;255;;266;;277;;287;;298;;308;;318;;329;;340;;353;;370;;90,4;;97,3;;104;;112;;119;;127;;135;;143;;152;;160;;169;;178;;187;;196;;205;;215;;225;;235;;245;;255;;266;;277;;287;;298;;308;;318;;329;;340;;353;;370;;388;;90,4;;97,3;;104;;112;;119;;127;;135;;143;;152;;160;;169;;178;;187;;196;;205;;215;;225;;235;;245;;255;;266;;277;;287;;298;;308;;318;;329;;340;;353;;370;;388;;407;;90,4;;97,3;;104;;112;;119;;127;;135;;143;;152;;160;;169;;178;;187;;196;;205;;215;;225;;235;;245;;255;;266;;277;;287;;298;;308;;318;;329;;340;;353;;370;;388;;407;;426;;90,4;;97,3;;104;;112;;119;;127;;135;;143;;152;;160;;169;;178;;187;;196;;205;;215;;225;;235;;245;;255;;266;;277;;287;;298;;308;;318;;329;;340;;353;;370;;388;;407;;426;;448;;90,4;;97,3;;104;;112;;119;;127;;135;;143;;152;;160;;169;;178;;187;;196;;205;;215;;225;;235;;245;;255;;266;;277;;287;;298;;308;;318;;329;;340;;353;;370;;388;;407;;426;;448;;473;;90,4;;97,3;;104;;112;;119;;127;;135;;143;;152;;160;;169;;178;;187;;196;;205;;215;;225;;235;;245;;255;;266;;277;;287;;298;;308;;318;;329;;340;;353;;370;;388;;407;;426;;448;;473;;501;;90,4;;97,3;;104;;112;;119;;127;;135;;143;;152;;160;;169;;178;;187;;196;;205;;215;;225;;235;;245;;255;;266;;277;;287;;298;;308;;318;;329;;340;;353;;370;;388;;407;;426;;448;;473;;501;;530;;90,4;;97,3;;104;;112;;119;;127;;135;;143;;152;;160;;169;;178;;187;;196;;205;;215;;225;;235;;245;;255;;266;;277;;287;;298;;308;;318;;329;;340;;353;;370;;388;;407;;426;;448;;473;;501;;530;;561;;90,4;;97,3;;104;;112;;119;;127;;135;;143;;152;;160;;169;;178;;187;;196;;205;;215;;225;;235;;245;;255;;266;;277;;287;;298;;308;;318;;329;;340;;353;;370;;388;;407;;426;;448;;473;;501;;530;;561;;592;;90,4;;97,3;;104;;112;;119;;127;;135;;143;;152;;160;;169;;178;;187;;196;;205;;215;;225;;235;;245;;255;;266;;277;;287;;298;;308;;318;;329;;340;;353;;370;;388;;407;;426;;448;;473;;501;;530;;561;;592;;624;;90,4;;97,3;;104;;112;;119;;127;;135;;143;;152;;160;;169;;178;;187;;196;;205;;215;;225;;235;;245;;255;;266;;277;;287;;298;;308;;318;;329;;340;;353;;370;;388;;407;;426;;448;;473;;501;;530;;561;;592;;624;;651;;90,4;;97,3;;104;;112;;119;;127;;135;;143;;152;;160;;169;;178;;187;;196;;205;;215;;225;;235;;245;;255;;266;;277;;287;;298;;308;;318;;329;;340;;353;;370;;388;;407;;426;;448;;473;;501;;530;;561;;592;;624;;651;;689;;90,4;;97,3;;104;;112;;119;;127;;135;;143;;152;;160;;169;;178;;187;;196;;205;;215;;225;;235;;245;;255;;266;;277;;287;;298;;308;;318;;329;;340;;353;;370;;388;;407;;426;;448;;473;;501;;530;;561;;592;;624;;651;;689;;725;;90,4;;97,3;;104;;112;;119;;127;;135;;143;;152;;160;;169;;178;;187;;196;;205;;215;;225;;235;;245;;255;;266;;277;;287;;298;;308;;318;;329;;340;;353;;370;;388;;407;;426;;448;;473;;501;;530;;561;;592;;624;;651;;689;;725;;763;;90,4;;97,3;;104;;112;;119;;127;;135;;143;;152;;160;;169;;178;;187;;196;;205;;215;;225;;235;;245;;255;;266;;277;;287;;298;;308;;318;;329;;340;;353;;370;;388;;407;;426;;448;;473;;501;;530;;561;;592;;624;;651;;689;;725;;763;;801;;90,4;;97,3;;104;;112;;119;;127;;135;;143;;152;;160;;169;;178;;187;;196;;205;;215;;225;;235;;245;;255;;266;;277;;287;;298;;308;;318;;329;;340;;353;;370;;388;;407;;426;;448;;473;;501;;530;;561;;592;;624;;651;;689;;725;;763;;801;;839;;90,4;;97,3;;104;;112;;119;;127;;135;;143;;152;;160;;169;;178;;187;;196;;205;;215;;225;;235;;245;;255;;266;;277;;287;;298;;308;;318;;329;;340;;353;;370;;388;;407;;426;;448;;473;;501;;530;;561;;592;;624;;651;;689;;725;;763;;801;;839;;877;;90,4;;97,3;;104;;112;;119;;127;;135;;143;;152;;160;;169;;178;;187;;196;;205;;215;;225;;235;;245;;255;;266;;277;;287;;298;;308;;318;;329;;340;;353;;370;;388;;407;;426;;448;;473;;501;;530;;561;;592;;624;;651;;689;;725;;763;;801;;839;;877;;915;;90,4;;97,3;;104;;112;;119;;127;;135;;143;;152;;160;;169;;178;;187;;196;;205;;215;;225;;235;;245;;255;;266;;277;;287;;298;;308;;318;;329;;340;;353;;370;;388;;407;;426;;448;;473;;501;;530;;561;;592;;624;;651;;689;;725;;763;;801;;839;;877;;915;;953;;90,4;;97,3;;104;;112;;119;;127;;135;;143;;152;;160;;169;;178;;187;;196;;205;;215;;225;;235;;245;;255;;266;;277;;287;;298;;308;;318;;329;;340;;353;;370;;388;;407;;426;;448;;473;;501;;530;;561;;592;;624;;651;;689;;725;;763;;801;;839;;877;;915;;953;;991;;
66120000;1;38718;39333;604;524;2;02/02;;;;;;;;;10;689;;689;;725;;689;;725;;763;;689;;725;;763;;801;;689;;725;;763;;801;;839;;689;;725;;763;;801;;839;;877;;689;;725;;763;;801;;839;;877;;915;;689;;725;;763;;801;;839;;877;;915;;953;;689;;725;;763;;801;;839;;877;;915;;953;;991;;
66120000;1;38718;39333;524;240;1;01/02;1;2,330000;-3,41;2,637;;;;;;
66120000;1;39334;40451;604;114;2;01/01;;;;;;;;;10;90,4;;90,4;;97,3;;90,4;;97,3;;104;;90,4;;97,3;;104;;112;;90,4;;97,3;;104;;112;;119;;90,4;;97,3;;104;;112;;119;;127;;90,4;;97,3;;104;;112;;119;;127;;135;;90,4;;97,3;;104;;112;;119;;127;;135;;143;;90,4;;97,3;;104;;112;;119;;127;;135;;143;;152;;90,4;;97,3;;104;;112;;119;;127;;135;;143;;152;;160;;90,4;;97,3;;104;;112;;119;;127;;135;;143;;152;;160;;169;;90,4;;97,3;;104;;112;;119;;127;;135;;143;;152;;160;;169;;178;;90,4;;97,3;;104;;112;;119;;127;;135;;143;;152;;160;;169;;178;;187;;90,4;;97,3;;104;;112;;119;;127;;135;;143;;152;;160;;169;;178;;187;;196;;90,4;;97,3;;104;;112;;119;;127;;135;;143;;152;;160;;169;;178;;187;;196;;205;;90,4;;97,3;;104;;112;;119;;127;;135;;143;;152;;160;;169;;178;;187;;196;;205;;215;;90,4;;97,3;;104;;112;;119;;127;;135;;143;;152;;160;;169;;178;;187;;196;;205;;215;;225;;90,4;;97,3;;104;;112;;119;;127;;135;;143;;152;;160;;169;;178;;187;;196;;205;;215;;225;;235;;90,4;;97,3;;104;;112;;119;;127;;135;;143;;152;;160;;169;;178;;187;;196;;205;;215;;225;;235;;245;;90,4;;97,3;;104;;112;;119;;127;;135;;143;;152;;160;;169;;178;;187;;196;;205;;215;;225;;235;;245;;255;;90,4;;97,3;;104;;112;;119;;127;;135;;143;;152;;160;;169;;178;;187;;196;;205;;215;;225;;235;;245;;255;;266;;90,4;;97,3;;104;;112;;119;;127;;135;;143;;152;;160;;169;;178;;187;;196;;205;;215;;225;;235;;245;;255;;266;;277;;90,4;;97,3;;104;;112;;119;;127;;135;;143;;152;;160;;169;;178;;187;;196;;205;;215;;225;;235;;245;;255;;266;;277;;287;;90,4;;97,3;;104;;112;;119;;127;;135;;143;;152;;160;;169;;178;;187;;196;;205;;215;;225;;235;;245;;255;;266;;277;;287;;298;;90,4;;97,3;;104;;112;;119;;127;;135;;143;;152;;160;;169;;178;;187;;196;;205;;215;;225;;235;;245;;255;;266;;277;;287;;298;;308;;90,4;;97,3;;104;;112;;119;;127;;135;;143;;152;;160;;169;;178;;187;;196;;205;;215;;225;;235;;245;;255;;266;;277;;287;;298;;308;;318;;90,4;;97,3;;104;;112;;119;;127;;135;;143;;152;;160;;169;;178;;187;;196;;205;;215;;225;;235;;245;;255;;266;;277;;287;;298;;308;;318;;329;;90,4;;97,3;;104;;112;;119;;127;;135;;143;;152;;160;;169;;178;;187;;196;;205;;215;;225;;235;;245;;255;;266;;277;;287;;298;;308;;318;;329;;340;;90,4;;97,3;;104;;112;;119;;127;;135;;143;;152;;160;;169;;178;;187;;196;;205;;215;;225;;235;;245;;255;;266;;277;;287;;298;;308;;318;;329;;340;;353;;90,4;;97,3;;104;;112;;119;;127;;135;;143;;152;;160;;169;;178;;187;;196;;205;;215;;225;;235;;245;;255;;266;;277;;287;;298;;308;;318;;329;;340;;353;;370;;90,4;;97,3;;104;;112;;119;;127;;135;;143;;152;;160;;169;;178;;187;;196;;205;;215;;225;;235;;245;;255;;266;;277;;287;;298;;308;;318;;329;;340;;353;;370;;388;;90,4;;97,3;;104;;112;;119;;127;;135;;143;;152;;160;;169;;178;;187;;196;;205;;215;;225;;235;;245;;255;;266;;277;;287;;298;;308;;318;;329;;340;;353;;370;;388;;407;;90,4;;97,3;;104;;112;;119;;127;;135;;143;;152;;160;;169;;178;;187;;196;;205;;215;;225;;235;;245;;255;;266;;277;;287;;298;;308;;318;;329;;340;;353;;370;;388;;407;;426;;90,4;;97,3;;104;;112;;119;;127;;135;;143;;152;;160;;169;;178;;187;;196;;205;;215;;225;;235;;245;;255;;266;;277;;287;;298;;308;;318;;329;;340;;353;;370;;388;;407;;426;;448;;90,4;;97,3;;104;;112;;119;;127;;135;;143;;152;;160;;169;;178;;187;;196;;205;;215;;225;;235;;245;;255;;266;;277;;287;;298;;308;;318;;329;;340;;353;;370;;388;;407;;426;;448;;473;;90,4;;97,3;;104;;112;;119;;127;;135;;143;;152;;160;;169;;178;;187;;196;;205;;215;;225;;235;;245;;255;;266;;277;;287;;298;;308;;318;;329;;340;;353;;370;;388;;407;;426;;448;;473;;501;;90,4;;97,3;;104;;112;;119;;127;;135;;143;;152;;160;;169;;178;;187;;196;;205;;215;;225;;235;;245;;255;;266;;277;;287;;298;;308;;318;;329;;340;;353;;370;;388;;407;;426;;448;;473;;501;;530;;90,4;;97,3;;104;;112;;119;;127;;135;;143;;152;;160;;169;;178;;187;;196;;205;;215;;225;;235;;245;;255;;266;;277;;287;;298;;308;;318;;329;;340;;353;;370;;388;;407;;426;;448;;473;;501;;530;;561;;90,4;;97,3;;104;;112;;119;;127;;135;;143;;152;;160;;169;;178;;187;;196;;205;;215;;225;;235;;245;;255;;266;;277;;287;;298;;308;;318;;329;;340;;353;;370;;388;;407;;426;;448;;473;;501;;530;;561;;592;;90,4;;97,3;;104;;112;;119;;127;;135;;143;;152;;160;;169;;178;;187;;196;;205;;215;;225;;235;;245;;255;;266;;277;;287;;298;;308;;318;;329;;340;;353;;370;;388;;407;;426;;448;;473;;501;;530;;561;;592;;624;;90,4;;97,3;;104;;112;;119;;127;;135;;143;;152;;160;;169;;178;;187;;196;;205;;215;;225;;235;;245;;255;;266;;277;;287;;298;;308;;318;;329;;340;;353;;370;;388;;407;;426;;448;;473;;501;;530;;561;;592;;624;;651;;90,4;;97,3;;104;;112;;119;;127;;135;;143;;152;;160;;169;;178;;187;;196;;205;;215;;225;;235;;245;;255;;266;;277;;287;;298;;308;;318;;329;;340;;353;;370;;388;;407;;426;;448;;473;;501;;530;;561;;592;;624;;651;;689;;90,4;;97,3;;104;;112;;119;;127;;135;;143;;152;;160;;169;;178;;187;;196;;205;;215;;225;;235;;245;;255;;266;;277;;287;;298;;308;;318;;329;;340;;353;;370;;388;;407;;426;;448;;473;;501;;530;;561;;592;;624;;651;;689;;725;;90,4;;97,3;;104;;112;;119;;127;;135;;143;;152;;160;;169;;178;;187;;196;;205;;215;;225;;235;;245;;255;;266;;277;;287;;298;;308;;318;;329;;340;;353;;370;;388;;407;;426;;448;;473;;501;;530;;561;;592;;624;;651;;689;;725;;763;;90,4;;97,3;;104;;112;;119;;127;;135;;143;;152;;160;;169;;178;;187;;196;;205;;215;;225;;235;;245;;255;;266;;277;;287;;298;;308;;318;;329;;340;;353;;370;;388;;407;;426;;448;;473;;501;;530;;561;;592;;624;;651;;689;;725;;763;;801;;90,4;;97,3;;104;;112;;119;;127;;135;;143;;152;;160;;169;;178;;187;;196;;205;;215;;225;;235;;245;;255;;266;;277;;287;;298;;308;;318;;329;;340;;353;;370;;388;;407;;426;;448;;473;;501;;530;;561;;592;;624;;651;;689;;725;;763;;801;;839;;90,4;;97,3;;104;;112;;119;;127;;135;;143;;152;;160;;169;;178;;187;;196;;205;;215;;225;;235;;245;;255;;266;;277;;287;;298;;308;;318;;329;;340;;353;;370;;388;;407;;426;;448;;473;;501;;530;;561;;592;;624;;651;;689;;725;;763;;801;;839;;877;;90,4;;97,3;;104;;112;;119;;127;;135;;143;;152;;160;;169;;178;;187;;196;;205;;215;;225;;235;;245;;255;;266;;277;;287;;298;;308;;318;;329;;340;;353;;370;;388;;407;;426;;448;;473;;501;;530;;561;;592;;624;;651;;689;;725;;763;;801;;839;;877;;915;;90,4;;97,3;;104;;112;;119;;127;;135;;143;;152;;160;;169;;178;;187;;196;;205;;215;;225;;235;;245;;255;;266;;277;;287;;298;;308;;318;;329;;340;;353;;370;;388;;407;;426;;448;;473;;501;;530;;561;;592;;624;;651;;689;;725;;763;;801;;839;;877;;915;;953;;90,4;;97,3;;104;;112;;119;;127;;135;;143;;152;;160;;169;;178;;187;;196;;205;;215;;225;;235;;245;;255;;266;;277;;287;;298;;308;;318;;329;;340;;353;;370;;388;;407;;426;;448;;473;;501;;530;;561;;592;;624;;651;;689;;725;;763;;801;;839;;877;;915;;953;;991;;
66120000;1;40452;40852;604;524;2;02/02;;;;;;;;;10;689;;689;;725;;689;;725;;763;;689;;725;;763;;801;;689;;725;;763;;801;;839;;689;;725;;763;;801;;839;;877;;689;;725;;763;;801;;839;;877;;915;;689;;725;;763;;801;;839;;877;;915;;953;;689;;725;;763;;801;;839;;877;;915;;953;;991;;
66120000;1;40452;40852;524;240;1;01/02;1;2,330000;-3,41;2,637;;;;;;
66120000;1;40853;43465;427;54;1;01/02;1;2,140000;-3,26;2,495;;;;;;
66120000;1;40853;43465;600;427;1;02/02;1;1,528000;-0,57;3,408;;;;;;
