Sistema de Informações Hidrológicas
Versão Web 3.0
© 2018 Agência Nacional de Águas (ANA)

NivelConsistencia: 1 = Bruto, 2 = Consistido

Restrições da consulta:
Código da Estação:66090000


EstacaoCodigo;NivelConsistencia;Data;Hora;NumMedicao;Cota;Vazao;AreaMolhada;Largura;VelMedia;Profundidade;datains;dataalt;respalt;tecnico;medidorvazao
66090000;1;15/06/2000;01/01/1900 07:00:00;15;376;470;770,8;309,00;0,609;2,49;;;;;;
66090000;1;24/08/2000;01/01/1900 07:00:00;16;328;369;639,6;307,07;0,578;2,08;;;;;;
66090000;1;23/11/2000;01/01/1900 11:00:00;377;377;489,282;812,08;310,69;0,603;2,61;;;;;;
66090000;1;24/02/1971;01/01/1900 07:00:00;1;387;433;776,7;284,00;0,557;2,73;;;;;;
66090000;1;13/05/1971;01/01/1900 07:00:00;2;392;440;783,9;284,00;0,562;2,76;;;;;;
66090000;1;17/11/1971;01/01/1900 07:00:00;3;308;282;593,2;283,10;0,476;2,10;;;;;;
66090000;1;30/04/1972;01/01/1900 07:00:00;4;440;575;857,7;287,00;0,670;2,99;;;;;;
66090000;1;23/08/1973;01/01/1900 07:00:00;5;275;225;156;285,00;0,490;1,62;;;;;;
66090000;1;01/03/1974;01/01/1900 07:00:00;6;487;774;991;286,00;0,780;3,47;;;;;;
66090000;1;30/05/1974;01/01/1900 07:00:00;7;464;709;922;285,00;0,770;3,24;;;;;;
66090000;1;29/08/1998;01/01/1900 07:00:00;8;334;375;685,8;313,98;0,546;2,18;;;;;;
66090000;1;21/10/1974;01/01/1900 07:00:00;9;301;270;522;284,00;0,520;1,84;;;;;;
66090000;1;30/05/1975;01/01/1900 07:00:00;11;450;636;960;281,00;0,660;3,41;;;;;;
66090000;1;30/10/1975;01/01/1900 07:00:00;12;317;300;602;287,00;0,500;2,10;;;;;;
66090000;1;24/07/1976;01/01/1900 07:00:00;14;375;389;722;289,00;0,538;2,50;;;;;;
66090000;1;04/10/1976;01/01/1900 07:00:00;15;346;365;690;288,00;0,529;2,40;;;;;;
66090000;1;21/03/1977;01/01/1900 07:00:00;16;481;781;1052;289,00;0,742;3,64;;;;;;
66090000;1;05/05/1977;01/01/1900 07:00:00;17;468;699;1077;293,00;0,649;3,67;;;;;;
66090000;1;19/06/1977;01/01/1900 07:00:00;18;420;561;963;287,00;0,582;3,35;;;;;;
66090000;1;25/08/1977;01/01/1900 07:00:00;19;328;373;698;285,00;0,534;2,44;;;;;;
66090000;1;15/12/1977;01/01/1900 07:00:00;20;414;545;915;286,00;0,595;3,19;;;;;;
66090000;1;19/02/1978;01/01/1900 07:00:00;21;474;771;1044;281,00;0,738;3,71;;;;;;
66090000;1;29/06/1978;01/01/1900 07:00:00;22;408;533;886;288,00;0,601;3,07;;;;;;
66090000;1;18/08/1978;01/01/1900 07:00:00;23;333;316;648;286,00;0,488;2,26;;;;;;
66090000;1;28/10/1978;01/01/1900 07:00:00;24;387;478;824;288,00;0,580;2,85;;;;;;
66090000;1;08/12/1978;01/01/1900 07:00:00;25;437;570;925;287,00;0,615;3,22;;;;;;
66090000;1;19/02/1999;01/01/1900 07:00:00;10;496;901;1184;326,60;0,761;3,64;;;;;;
66090000;1;21/05/1999;01/01/1900 07:00:00;13;463;774;1068;324,26;0,725;3,29;;;;;;
66090000;1;05/10/1996;01/01/1900 07:00:00;26;345;398;730,2;307,66;0,545;2,37;;;;;;
66090000;1;12/12/1996;01/01/1900 07:00:00;27;476;843;1082;316,75;0,779;3,42;;;;;;
66090000;1;24/05/1997;01/01/1900 07:00:00;28;485;901;1157;323,08;0,779;3,58;;;;;;
66090000;1;22/08/1997;01/01/1900 07:00:00;29;367;445;790,8;314,38;0,563;2,52;;;;;;
66090000;1;21/02/1998;01/01/1900 07:00:00;31;499;976;1193;327,84;0,818;3,64;;;;;;
66090000;1;19/11/1999;01/01/1900 07:00:00;32;389;508;853;315,96;0,596;2,70;;;;;;
66090000;1;25/02/2000;01/01/1900 07:00:00;33;492;935;1166;328,38;0,802;3,55;;;;;;
66090000;1;10/05/2001;01/01/1900 08:25:00;18;434;661,821;997,06;314,86;0,664;3,17;;;;;;
66090000;1;17/08/2001;01/01/1900 09:30:00;19;303;314,721;580,8;307,75;0,542;1,89;;;;;;
66090000;1;22/11/2001;01/01/1900 13:30:00;20;374;479,818;838,81;311,06;0,572;2,70;;;;;;
66090000;1;07/04/2002;01/01/1900 08:10:00;21;502;957,57;1168,55;325,48;0,819;3,59;;;;;;
66090000;1;19/07/2002;01/01/1900 14:00:00;22;350;413,352;708,78;310,59;0,583;2,28;;;;;;
66090000;1;25/10/2002;01/01/1900 08:05:00;23;324;364,713;651,45;308,85;0,560;2,11;;;;;;
66090000;1;31/01/2003;01/01/1900 08:30:00;24;490;934,722;1197,82;324,23;0,780;3,69;;;;;;
66090000;1;26/04/2003;01/01/1900 09:30:00;25;513;1072,389;1199,75;328,75;0,894;3,65;;;;;;
66090000;1;06/09/2003;01/01/1900 15:30:00;26;314;360,704;635,04;309,74;0,568;2,05;;;;;;
66090000;1;27/11/2003;01/01/1900 10:35:00;27;418;640,504;964,65;318,01;0,664;3,03;;;;;;
66090000;2;24/02/1971;01/01/1900 07:00:00;1;387;433;776,7;284,00;0,557;2,73;;;;;;
66090000;2;13/05/1971;01/01/1900 07:00:00;2;392;440;783,9;284,00;0,562;2,76;;;;;;
66090000;2;17/11/1971;01/01/1900 07:00:00;3;308;282;593,2;283,10;0,476;2,10;;;;;;
66090000;2;30/04/1972;01/01/1900 07:00:00;4;440;575;857,7;287,00;0,670;2,99;;;;;;
66090000;2;23/08/1973;01/01/1900 07:00:00;5;275;225;156;285,00;0,490;1,62;;;;;;
66090000;2;28/02/1974;01/01/1900 07:00:00;30;487;781;967;286,00;0,810;3,38;;;;;;
66090000;2;01/03/1974;01/01/1900 07:00:00;6;487;774;991;286,00;0,780;3,47;;;;;;
66090000;2;30/05/1974;01/01/1900 07:00:00;7;464;709;922;285,00;0,770;3,24;;;;;;
66090000;2;21/10/1974;01/01/1900 07:00:00;9;301;270;522;284,00;0,520;1,84;;;;;;
66090000;2;30/05/1975;01/01/1900 07:00:00;11;450;636;960;281,00;0,660;3,41;;;;;;
66090000;2;30/10/1975;01/01/1900 07:00:00;12;317;300;602;287,00;0,500;2,10;;;;;;
66090000;2;24/07/1976;01/01/1900 07:00:00;14;375;389;722;289,00;0,538;2,50;;;;;;
66090000;2;04/10/1976;01/01/1900 07:00:00;15;346;365;690;288,00;0,529;2,40;;;;;;
66090000;2;21/03/1977;01/01/1900 07:00:00;16;481;781;1052;289,00;0,742;3,64;;;;;;
66090000;2;05/05/1977;01/01/1900 07:00:00;17;468;699;1077;293,00;0,649;3,67;;;;;;
66090000;2;19/06/1977;01/01/1900 07:00:00;18;420;561;963;287,00;0,582;3,35;;;;;;
66090000;2;15/12/1977;01/01/1900 07:00:00;20;414;545;915;286,00;0,595;3,19;;;;;;
66090000;2;19/02/1978;01/01/1900 07:00:00;21;474;771;1044;281,00;0,738;3,71;;;;;;
66090000;2;29/06/1978;01/01/1900 07:00:00;22;408;533;886;288,00;0,601;3,07;;;;;;
66090000;2;18/08/1978;01/01/1900 07:00:00;23;333;316;648;286,00;0,488;2,26;;;;;;
66090000;2;28/10/1978;01/01/1900 07:00:00;24;387;478;824;288,00;0,580;2,85;;;;;;
66090000;2;08/12/1978;01/01/1900 07:00:00;25;437;570;925;287,00;0,615;3,22;;;;;;
66090000;2;05/10/1996;01/01/1900 07:00:00;26;345;398;730,2;307,66;0,545;2,37;;;;;;
66090000;2;12/12/1996;01/01/1900 07:00:00;27;476;843;1082;316,75;0,779;3,42;;;;;;
66090000;2;24/05/1997;01/01/1900 07:00:00;28;485;901;1157;323,08;0,779;3,58;;;;;;
66090000;2;22/08/1997;01/01/1900 07:00:00;29;367;445;790,8;314,38;0,563;2,52;;;;;;
66090000;2;27/11/1997;01/01/1900 07:00:00;5;403;548;898,5;315,53;0,610;2,84;;;;;;
66090000;2;21/02/1998;01/01/1900 07:00:00;31;499;976;1193;327,84;0,818;3,64;;;;;;
66090000;2;29/08/1998;01/01/1900 07:00:00;8;334;375;685,8;313,98;0,546;2,18;;;;;;
66090000;2;19/02/1999;01/01/1900 07:00:00;10;496;901;1184;326,60;0,761;3,64;;;;;;
66090000;2;21/05/1999;01/01/1900 07:00:00;13;463;774;1068;324,26;0,725;3,29;;;;;;
66090000;2;19/11/1999;01/01/1900 07:00:00;32;389;508;853;315,96;0,596;2,70;;;;;;
66090000;2;25/02/2000;01/01/1900 07:00:00;33;492;935;1166;328,38;0,802;3,55;;;;;;
66090000;2;15/06/2000;01/01/1900 07:00:00;15;376;470;770,8;309,00;0,609;2,49;;;;;;
66090000;2;24/08/2000;01/01/1900 07:00:00;16;328;369;639,6;307,07;0,578;2,08;;;;;;
66090000;2;23/11/2000;01/01/1900 11:00:00;377;377;489,282;812,08;310,69;0,603;2,61;;;;;;
66090000;2;10/05/2001;01/01/1900 08:25:00;18;434;661,821;997,06;314,86;0,664;3,17;;;;;;
66090000;2;17/08/2001;01/01/1900 09:30:00;19;303;314,721;580,8;307,75;0,542;1,89;;;;;;
66090000;2;22/11/2001;01/01/1900 13:30:00;20;374;479,818;838,81;311,06;0,572;2,70;;;;;;
66090000;2;07/04/2002;01/01/1900 08:10:00;21;502;957,57;1168,55;325,48;0,819;3,59;;;;;;
66090000;2;19/07/2002;01/01/1900 14:00:00;22;350;413,352;708,78;310,59;0,583;2,28;;;;;;
66090000;2;25/10/2002;01/01/1900 08:05:00;23;324;364,713;651,45;308,85;0,560;2,11;;;;;;
66090000;2;31/01/2003;01/01/1900 08:30:00;24;490;934,722;1197,82;324,23;0,780;3,69;;;;;;
66090000;2;26/04/2003;01/01/1900 09:30:00;25;513;1072,389;1199,75;328,75;0,894;3,65;;;;;;
66090000;2;06/09/2003;01/01/1900 15:30:00;26;314;360,704;635,04;309,74;0,568;2,05;;;;;;
66090000;2;27/11/2003;01/01/1900 10:35:00;27;418;640,504;964,65;318,01;0,664;3,03;;;;;;
66090000;1;22/09/2004;01/01/1900 07:00:00;28;294;312,695;578,79;307,18;0,542;1,88;;;;;;
66090000;1;24/06/2005;01/01/1900 08:50:00;29;331;400,899;662,21;308,94;0,605;2,16;;;;;;
66090000;1;05/10/2005;01/01/1900 07:05:00;30;324;448,844;666,2;320,69;0,674;2,08;;;;;;
66090000;1;29/09/2006;01/01/1900 11:05:00;31;319;479,618;644,04;306,12;0,745;2,10;;;;;;
66090000;1;06/07/2007;01/01/1900 12:00:00;32;334;561,574;726,48;309,12;0,773;2,35;;;;;;
66090000;1;31/10/2007;01/01/1900 11:15:00;33;354;469,616;788,16;309,28;0,596;2,55;;;;;;
66090000;1;01/09/2008;01/01/1900 09:55:00;35;298;419,487;564,504;307,04;0,743;1,84;;;;;;
66090000;1;16/05/2008;01/01/1900 10:05:00;34;477;877,377;1139,84;332,00;0,770;3,43;;;;;;
66090000;1;04/12/2008;01/01/1900 10:38:00;36;340;330,4;630,81;308,03;0,524;2,05;;;;;;
66090000;1;30/06/2009;01/01/1900 11:12:00;37;361;490,302;816,21;316,93;0,601;2,58;;;;;;
66090000;1;24/09/2009;01/01/1900 13:54:00;38;300;419,715;592,673;307,74;0,708;1,93;;;;;;
66090000;1;19/04/2010;01/01/1900 10:34:00;39;519;1366,681;1200,65;322,55;1,139;3,72;;;;;;
66090000;1;30/09/2010;01/01/1900 08:00:00;40;277;262,166;518,31;331,04;0,506;1,57;;;;;;
66090000;1;12/04/2011;01/01/1900 11:30:00;41;525;1247,004;1303,86;352,54;0,956;3,74;;;;;;
66090000;1;04/08/2011;01/01/1900 11:43:00;42;322;380,391;663,3;323,05;0,573;2,05;;;;;;
66090000;1;16/11/2011;01/01/1900 09:37:00;43;308;346,041;636,12;310,58;0,544;2,05;;;;;;
66090000;1;27/03/2012;01/01/1900 09:28:00;44;493;955,449;1182,16;323,50;0,808;3,65;;;;;;
66090000;1;25/06/2012;01/01/1900 09:07:00;45;410;600,746;906,95;315,55;0,662;2,78;;;;;;
66090000;1;19/09/2012;01/01/1900 06:52:00;46;279;276,601;560,135;308,12;0,494;1,82;;;;;;
66090000;1;05/12/2012;01/01/1900 10:15:00;47;357;440,736;774,578;311,85;0,569;2,48;;;;;;
66090000;1;29/04/2013;01/01/1900 10:47:00;48;506;873,176;1129,5;320,91;0,773;3,52;;;;;;
66090000;1;01/08/2013;01/01/1900 07:54:00;49;324;345,605;650,585;311,43;0,531;2,09;;;;;;
66090000;1;31/10/2013;01/01/1900 09:40:00;50;321;340,75;646,136;288,85;0,527;2,24;;;;;;
66090000;1;10/04/2014;01/01/1900 09:33:00;51;524;998,701;1133,517;319,06;0,881;3,55;;;;;;
66090000;1;15/08/2014;01/01/1900 09:47:00;52;359;405;705,917;317,24;0,574;2,23;;;;;;
66090000;1;21/11/2014;01/01/1900 10:39:00;53;390;471,358;795,719;331,09;0,592;2,40;;;;;;
66090000;1;13/04/2015;01/01/1900 11:24:00;55;513;946,757;1152,998;331,27;0,821;3,48;;;;;;
66090000;1;20/11/2015;01/01/1900 11:25:00;56;368;417,947;757,518;291,30;0,552;2,60;;;;;;
66090000;1;26/04/2016;01/01/1900 09:31:00;57;489;838,683;1129,638;331,49;0,742;3,41;;;;;;
66090000;1;09/08/2016;01/01/1900 13:31:00;58;297;277,662;551,452;283,94;0,504;1,94;;;;;;
66090000;1;11/11/2016;01/01/1900 10:09:00;59;319;329,027;634,74;282,70;0,518;2,25;;;;;;
66090000;1;13/04/2017;01/01/1900 09:53:00;60;522;1026,29;1183,512;328,71;0,867;3,60;;;;;;
66090000;1;30/06/2017;01/01/1900 09:28:00;61;389;488,149;809,662;314,41;0,603;2,57;;;;Paulo/Placídio;16;
66090000;1;13/10/2017;01/01/1900 09:45:00;62;319;326,39;600,67;280,02;0,543;2,15;;;;;0;
66090000;1;20/11/2017;01/01/1900 10:49:00;63;353;395;702;274,60;0,563;0,15;;;;Arthur/A.Leandro;6;
66090000;1;05/02/2018;01/01/1900 12:54:00;64;502;842,012;1099,283;305,97;0,766;3,59;;;;Luis Carlos/Victor;16;
66090000;1;12/04/2018;01/01/1900 11:44:00;65;529;1008,381;1199,505;332,13;0,841;3,61;;;;Placidio/Adolfo;16;
66090000;1;12/07/2018;01/01/1900 10:40:00;66;364;415;787,2;312,10;0,528;2,52;;;;Placídio/Robson;6;
66090000;1;23/10/2018;01/01/1900 08:14:00;67;338;378;727,8;300,70;0,519;2,42;;;;Paulo Gramacho/Elessandro;4;
