Sistema de Informações Hidrológicas
Versão Web 3.0
© 2018 Agência Nacional de Águas (ANA)

NivelConsistencia: 1 = Bruto, 2 = Consistido

Restrições da consulta:
Código da Estação:66090000


EstacaoCodigo;NivelConsistencia;Data;Hora;NumMedicao;DataLiq;HoraLiq;NumMedicaoLiq;Cota;Vazao;AreaMolhada;Largura;VelMedia;ConcentracaoMatSuspensao;CotaDeMedicao;TemperaturaDaAgua;ConcentracaoDaAmostraExtra;CondutividadeEletrica;Observacoes
66090000;1;06/07/2007;01/01/1900 14:40:00;32;06/07/2007;01/01/1900 12:00:00;32;334;561,574;726,48;309,12;0,773;26,78;334;25,40;;46,00;;
66090000;1;31/10/2007;01/01/1900 14:30:00;33;31/10/2007;01/01/1900 11:15:00;33;354;468,535;788,08;309,28;0,595;56,11;354;30,80;;51,00;;
66090000;1;16/05/2008;01/01/1900 11:15:00;34;16/05/2008;01/01/1900 10:05:00;34;477;877;1140;332,00;0,770;20,66;477;25,20;25,91;57,00;;
66090000;1;01/09/2008;01/01/1900 13:07:00;35;01/09/2008;01/01/1900 09:55:00;35;298;419;565;307,04;0,743;29,53;298;23,50;44,65;48,00;;
66090000;1;04/12/2008;01/01/1900 13:20:00;36;04/12/2008;01/01/1900 10:38:00;36;340;330;631;308,03;0,524;38,58;340;29,40;58,04;43,00;;
66090000;1;01/07/2009;01/01/1900 16:40:00;37;30/06/2009;01/01/1900 11:12:00;37;361;490;816;316,93;0,601;25,32;361;26,60;10,86;52,45;;
66090000;1;24/09/2009;01/01/1900 16:44:00;38;24/09/2009;01/01/1900 13:54:00;38;300;419,445;592,53;307,74;0,708;34,68;300;25,40;;38,37;;
66090000;1;19/04/2010;01/01/1900 13:00:00;39;19/04/2010;01/01/1900 10:34:00;39;519;1365,103;1198,58;322,55;1,139;6,647;519;28,40;22,76;49,21;;
66090000;1;30/09/2010;01/01/1900 09:50:00;40;30/09/2010;01/01/1900 06:50:00;40;277;262,409;518,81;331,04;0,506;32,47;277;30,30;71,55;46,63;;
66090000;1;12/04/2011;01/01/1900 15:08:00;41;12/04/2011;01/01/1900 11:30:00;41;525;1247,004;1303,86;352,54;0,956;14,43;525;28,80;18,66;53,07;;
66090000;1;04/08/2011;01/01/1900 13:45:00;42;04/08/2011;01/01/1900 11:46:00;42;322;380,628;663,33;323,05;0,574;25,25;322;21,70;29,63;76,66;;
66090000;1;16/11/2011;01/01/1900 12:13:00;43;16/11/2011;01/01/1900 09:37:00;43;308;355,867;636,12;310,58;0,544;43,40;308;29,48;46,50;67,81;;
66090000;1;27/03/2012;01/01/1900 11:40:00;44;27/03/2012;01/01/1900 09:28:00;44;493;1018,201;1182,16;323,50;0,808;13,60;493;26,30;25,20;70,02;;
66090000;1;25/06/2012;01/01/1900 11:25:00;45;25/06/2012;01/01/1900 09:07:00;45;410;600,746;906,95;315,55;0,662;25,60;410;25,70;27,90;64,40;;
66090000;1;05/12/2012;01/01/1900 12:35:00;47;05/12/2012;01/01/1900 10:15:00;47;357;440,73;774,58;311,85;0,569;50,10;357;29,90;75,80;43,00;;
66090000;1;29/04/2013;01/01/1900 12:35:00;48;29/04/2013;01/01/1900 10:47:00;48;506;873,302;1129,5;318,60;0,773;9,00;506;;;40,40;;
66090000;1;01/08/2013;01/01/1900 08:50:00;49;01/08/2013;01/01/1900 07:54:00;49;324;341,996;650,59;311,29;0,531;25,30;325;23,95;;;;
66090000;1;31/10/2013;01/01/1900 11:00:00;50;31/10/2013;01/01/1900 09:40:00;50;321;341,076;646,136;276,56;0,527;47,20;321;30,19;;;;
66090000;1;10/04/2014;01/01/1900 11:09:00;51;10/04/2014;01/01/1900 09:33:00;51;524;1003,57;1133,52;288,75;0,881;11,50;524;28,97;;;;
66090000;1;14/08/2014;01/01/1900 11:10:00;52;15/08/2014;01/01/1900 09:47:00;52;359;405,876;705,92;318,49;0,574;36,00;359;;;;;
66090000;1;21/11/2014;01/01/1900 12:32:00;53;21/11/2014;01/01/1900 10:39:00;53;390;496,792;795,72;330,41;0,592;56,10;390;30,15;;;;
66090000;1;13/04/2015;01/01/1900 12:54:00;55;13/04/2015;01/01/1900 11:24:00;55;513;948,83;1153;332,97;0,821;77,10;513;28,27;;;;
66090000;1;24/08/2015;01/01/1900 13:04:00;55;24/08/2015;01/01/1900 11:28:00;55;313;304,404;582,06;286,56;0,528;26,40;313;28,26;;;;
66090000;1;20/11/2015;01/01/1900 13:00:00;56;20/11/2015;01/01/1900 11:25:00;56;368;411,235;757,518;290,03;0,552;36,20;368;31,30;;;;
66090000;1;09/08/2016;01/01/1900 15:30:00;58;09/08/2016;01/01/1900 13:31:00;58;297;276,125;551,452;284,36;0,504;19,40;297;26,70;;111,30;;
66090000;1;11/11/2016;01/01/1900 11:45:00;59;11/11/2016;01/01/1900 10:09:00;59;319;329,027;634,74;282,79;0,518;17,70;319;29,80;;383,80;;
66090000;1;13/04/2017;01/01/1900 11:32:00;60;13/04/2017;01/01/1900 09:53:00;60;522;985,549;1183,512;329,54;0,867;9,80;522;28,20;;78,10;;
66090000;1;30/06/2017;01/01/1900 11:11:00;61;30/06/2017;01/01/1900 09:28:00;61;389;490,276;809,662;315,48;0,603;16,60;389;25,40;;94,00;;
66090000;1;13/10/2017;01/01/1900 11:10:00;62;13/10/2017;01/01/1900 09:45:00;62;319;325,284;600,677;280,02;0,543;52,10;319;31,20;;71,40;;
66090000;1;12/04/2018;01/01/1900 13:10:00;65;12/04/2018;01/01/1900 11:44:00;65;529;1020,033;1208,935;33,21;0,844;12,60;529;28,90;;56,50;;
66090000;1;12/07/2018;01/01/1900 10:36:00;66;12/07/2018;01/01/1900 10:40:00;66;364;415;787,2;312,10;0,528;22,20;364;21,20;;208,60;;
66090000;1;23/10/2018;01/01/1900 08:18:00;67;23/10/2018;01/01/1900 08:14:00;67;338;378;727,8;300,70;0,519;32,00;338;29,80;;322,00;;
